1  -43.52890188729677 -156.67528342062482 -186.02851366222956 -194.44008553236787 -72.53571520921577 -32.72578209266337 0.1590147465415673 29.414536516717995 51.07375527521638 0.9472635284235824
2  -44.07990304219863 -139.02562460247333 -185.29711116010617 -187.86272026880337 -68.74734129107149 -36.40600420081894 0.15875803188469978 29.52956094747947 45.55901906870078 0.9724431626504128
3  -41.68285234181616 -97.24532661154208 -183.92601890955748 -216.6554269572149 -63.50828594394466 -23.396028616077228 0.15829842626684132 29.34057020564492 34.623876830853334 0.8963323612900375
4  -44.74978987338472 -107.74739028719678 -184.8908835714788 -213.34771617211737 -70.09718269458659 -37.30192443566425 0.15855344659037213 29.507249751358493 41.214457275655754 0.9760281281602068
5  -48.6144598116975 -96.83161000634615 -188.30658901777431 -210.38536707075897 -90.27212952646586 -42.422479067681984 0.15853877081310638 29.399246733157963 36.04994929885959 1.069224131423848
6  -45.701477146928816 -192.75624127609728 -189.7518773313843 -194.8715591936887 -73.84401343255414 -32.77786433042962 0.1586321150490922 28.80487772698219 46.89640579640285 0.9860362328975325
7  -44.401099318038106 -173.8926131812843 -185.33678342405676 -184.39561105839624 -71.05412103966489 -38.01909541142609 0.1589662093450448 28.760471982512797 44.07395633883009 0.9837504109840811
8  -47.27508732138356 -133.92109111538417 -185.66490912384376 -212.62005017141271 -82.73994464606164 -37.89155149526616 0.15830376486578945 29.555885519629037 47.65576372427415 1.0388932728346147
9  -44.07322968906237 -129.7505804249546 -184.43034288204262 -198.05913010921054 -73.46221429469537 -30.064849590236413 0.15849692240777938 29.250249741751635 42.85669708623338 0.9599527378948095
10  -46.046519720245016 -144.23851213113142 -190.66032554702065 -199.5636012601575 -73.14122434812813 -33.63514993067145 0.1586017056341708 29.17083039648352 45.24852550317023 0.9773315146588964
11  -49.211916437601474 -113.23708505370496 -188.72114582544256 -227.5764489477542 -87.7313746157723 -47.96389694465658 0.1585897187203663 29.22227683596177 35.809254308723624 1.0857219063040466
12  -47.45666288955173 -165.31034099174522 -187.83157617557282 -221.03849539656684 -80.5431870902129 -42.80250105221963 0.158635955204912 29.232573990870964 48.53133683005916 1.0398787259212612
13  -47.093035665284305 -183.7905860966667 -188.1506739752496 -202.74448111120532 -81.1957724572607 -35.548838623884194 0.1585623401511202 29.20252168422986 48.7538152841472 1.0401916396848758
14  -41.06641848729883 -185.12378164027564 -184.91775096591795 -191.16740845144255 -57.41704075756405 -23.576538133953612 0.15841403925549186 28.604743755114278 39.329504498953824 0.8959573954747417
15  -43.28153976910584 -183.66268394755127 -182.11234218401884 -210.34597138247764 -72.58548675374422 -29.69401023414237 0.15873204974409416 28.835118148233438 44.44727238106749 0.9685840524663334
16  -42.46555127726432 -117.08380640211303 -182.92420561191966 -184.81157970888802 -69.70749260370928 -36.86520734262035 0.1591055636431149 28.53287865205027 27.5239886134662 0.9552849355254034
17  -46.41677623557335 -196.39589404655257 -184.17246789933324 -207.383835596952 -81.19815170131179 -36.23023644047647 0.15873548317491407 29.11628913369929 52.807525093967655 1.040098965870653
18  -45.76605741292182 -168.64623965153777 -185.8755203253884 -212.79571232533436 -74.36319934340843 -36.337465891597695 0.15886534872242047 29.102828306943398 46.91345832398231 1.0121111277223795
19  -44.55350171106383 -167.45089484106268 -184.94904871972435 -215.04238540146122 -76.78596946071441 -31.737715581457792 0.1588830636286343 28.86819128273637 42.02146005393692 0.9872718495137104
20  -48.27012219355901 -180.72946510409406 -186.91490779766738 -214.19027797748558 -87.66185730791915 -44.51460404962833 0.15874850601946858 28.978100457428408 43.34807888106858 1.0876099217223654
