1  -48.10234675868941 -124.98915958506569 -188.99002298504212 -212.84420070048267 -77.37572039881059 -33.626885315332835
2  -42.67642562965084 -136.01991734163727 -174.03125891895326 -205.31134980305507 -73.12096751337283 -33.64756294975144
3  -46.259305330881375 -98.31253268762117 -194.8197530469964 -207.73679606912395 -74.84653322688271 -14.723276458307467
4  -40.92293483123367 -182.51887369386554 -176.09635928025017 -195.45246369107096 -70.23603555475133 -47.492647091652344
5  -44.83123572663005 -108.95696929430152 -185.5750582072258 -208.29684826915025 -74.46538788351145 -22.689373881197895
6  -49.210317642440685 -182.59536535366902 -200.0848473125973 -214.3627733850472 -78.50593430402736 -18.0250803260792
7  -47.41617631298055 -95.09989662032554 -195.41870320030068 -212.1967769584417 -73.78095631072748 -47.55746414016755
8  -40.46177047978945 -133.83937544820876 -169.90348779225607 -196.84289766073192 -71.15765726316378 -15.128997260567434
9  -42.038262628843306 -149.12774573893594 -170.34320356802374 -200.16972487036998 -74.31060991464365 -44.225901705593046
10  -47.16985240092705 -167.8421709289765 -192.7870037746832 -214.5063167399563 -75.23448030067529 -22.77400408328635
11  -42.28712743955892 -195.82194551685285 -183.3466800422253 -198.8624854163728 -69.05839741804904 -31.832523065674785
12  -44.120107147679015 -158.8080376149917 -185.5245247942183 -201.87162001829046 -73.11082504711133 -41.969094319649656
13  -43.99487577243802 -161.84736188164248 -184.55240732282346 -207.0243997757595 -70.67225214795283 -37.43335685275014
14  -43.012236062472184 -96.37566181708817 -179.3023215976625 -201.14188473888345 -72.51977588473244 -42.272286369690285
15  -48.624041484397 -130.7257186641859 -198.74830707887725 -212.82281154615666 -77.80070638644521 -36.11224881175239
16  -45.623005857624285 -125.74108640584845 -189.48153168604915 -210.2873131446928 -69.99687893660771 -38.74628298509113
17  -46.22311758898654 -169.28563569004052 -187.03691659621273 -202.90186455947742 -76.68447069178384 -37.390629947810176
18  -43.85989625447232 -127.89353233836408 -179.49785525702862 -203.58290755964202 -72.61739409662837 -27.492602068560892
19  -39.98403410349537 -128.05730059801505 -172.82993479973513 -193.82618928696 -69.00478666419778 -48.694396219795905
20  -47.77736361548615 -186.59434459173133 -198.2260161155569 -215.41780844875584 -74.85712398091971 -57.10037851682374
21  -46.42921351127354 -168.65860610490682 -190.46582429341044 -202.90146406822234 -75.59225070129872 -48.598370009764345
22  -48.334951322339656 -128.64679106303754 -196.39675572843262 -209.7780646918051 -74.78044084744835 -28.116997007057016
23  -41.520707646834566 -137.22514393635953 -173.82770702628054 -200.91365448914883 -72.94391824578005 -25.291212138119988
24  -47.18777441245823 -176.10051758781924 -193.88521256188702 -209.90179462524833 -75.69771009385597 -31.95239870283469
25  -42.32357572180476 -193.41480261729305 -182.40374814401224 -196.9869205643134 -71.19490715355354 -17.38461724428072
26  -45.50216614994905 -137.6730749057734 -184.83904548813285 -204.75198344408753 -76.18299341004978 -22.16825986086031
27  -48.34797696631058 -100.50454545907824 -202.86955998237136 -207.3795829639685 -75.634237478776 -47.47479439628387
28  -42.83691498553789 -137.40935028899975 -171.7312337107817 -197.5820627650761 -77.12945750512885 -51.916735688030556
29  -46.97980263626591 -99.9501812789591 -193.72006089191547 -205.35062206141896 -74.68563356725068 -42.89094844170998
30  -42.875303929940706 -126.69166560385752 -176.32087175054613 -204.4286785347835 -72.31183888873616 -39.53137656021326
