1  -42.67919351648217 -156.14758794677778 -175.95552467396897 -199.82413166697526 -71.95707932545885 -30.182416850688703
1  -43.308036116739736 -151.66153184569293 -178.78594468110128 -202.39850899863507 -70.39579248905618 -31.231619638504203
1  -39.2604757637185 -147.83170080299314 -164.85967283052184 -185.75386417410635 -68.56715090414613 -46.57694949610883
2  -46.60357642094878 29.920070609628738 -185.27212591913855 -215.52760364676337 -71.53115462870575 -34.33503518947602
3  -46.236297822719465 -157.9831236453337 -185.65798858034364 -209.5475268394464 -74.30337157021434 -30.38472413866639
4  -48.99071433357398 -186.8528654150664 -203.74380929793998 -218.72176796819937 -79.1699755105094 -23.820677811554752
5  -48.67491769902484 -106.34498482000942 -200.88046599752047 -209.65041872242435 -76.50273817636189 -65.90841172589182
6  -41.37612160532929 -130.06377121683016 -172.29551730062636 -197.64028246330204 -72.32456197156793 -42.228564041628594
7  -53.9575877360972 -186.56631555939808 -215.98216443492805 -229.58891790968622 -83.85956273656421 -14.327678447104873
8  -46.304533698737444 -111.70220878353501 -185.75522356470003 -205.51898875251283 -77.4766622147811 5.992116177914042
9  -48.252296235675516 -161.63283735760882 -202.97493646011426 -216.01699242653314 -75.88863424679022 -18.13012380920773
10  -47.19086493585346 -160.8569000773154 -192.32347609744488 -215.43429389320113 -74.74654771853882 -72.93759976434458
11  -45.09940795396026 -142.16464731679997 -192.83577288855648 -211.31820205210587 -71.30185849892658 -28.93283907170774
12  -39.757781243818556 -197.8022792398141 -166.87152999866643 -191.31556206709854 -71.09623522590553 -25.17520827330577
13  -45.860543682484746 -195.56471315026846 -193.1678147894711 -207.2888817901123 -74.48233288520028 -53.12388615924952
14  -44.69143747950115 -157.47757750140795 -185.7767454793526 -204.07538685117132 -72.01034970755694 0.8870064871429122
15  -41.998268597405044 -228.05660102213557 -173.934375530549 -199.07099601009895 -72.39522695017918 -48.96965787818567
16  -45.679724309617065 -6.77144420631754 -183.56265296515176 -208.34576780685424 -74.3453688914529 34.20566991492123
17  -42.77432576335304 -160.9237733642177 -177.35686122359172 -203.29809762893623 -72.63676470774344 -42.25812764460022
18  -47.506180816172815 -191.99237131060448 -195.11958021276834 -212.203024011893 -77.13696391666544 -4.134134378217649
19  -44.56649701476676 -174.18723386309784 -187.03773945016422 -204.00517104064647 -71.43693948564301 -10.47800533531344
20  -45.048386958117234 -84.52278234980254 -187.55425021029188 -209.13180872071825 -73.07270056924663 -21.786366745829355
21  -45.96369407709814 -206.78848189163182 -191.68667743330587 -209.0817050371957 -72.79353896498093 -75.23737592326917
22  -45.89871776161829 -117.05240933770848 -188.57039391506225 -208.64583722878413 -74.61652257651157 -51.56335112235202
23  -42.22258310397628 -155.64951721779582 -176.74306104634363 -197.63820845964477 -73.05850895433142 -43.98697884560986
24  -49.60097683073888 -347.2638662698919 -203.40524972663178 -214.02021111711525 -77.75065007075021 -96.86721786857149
25  -37.404271622071896 -93.33140739287627 -158.98790648166087 -187.20453015637213 -69.9234953780919 -53.98041356255169
26  -58.115974176134245 -107.1454636744678 -231.6686074174974 -237.27172215281612 -85.79494075768741 -50.89612482749081
27  -45.155455493906324 -152.47457880799092 -185.9793298036907 -206.73651304017557 -72.5191203365108 -36.06295482614217
28  -52.443854356400166 -133.50980746657936 -205.82992604643547 -222.4175228698109 -82.93887337573831 -13.625537992146487
29  -47.843399815431674 -190.4569621087469 -199.87868991023672 -219.19773452458952 -77.30776116236882 -15.83446940069295
30  -45.60134101245511 -209.47704243675705 -189.44289595207738 -205.706086314591 -74.51100485116254 -41.221819454387365
