1  -50.788174411119044 -167.11794137606856 -204.7887391880932 -220.75024719200044 -76.81253887066029 -29.756817820829145
2  -46.160466781457465 -163.32516400397347 -187.72475410748254 -209.18453291854394 -72.33868520025737 -6.75043953449692
3  -52.80606885511783 -131.35084726957356 -207.38469523015942 -223.77343484470714 -83.56339227582427 -41.70290603399472
4  -39.182168219086634 -129.45036905968163 -163.76129250387686 -191.90216311839774 -70.77351668698753 -30.824804871366876
5  -47.082219235609024 -72.43603970441544 -189.94802218791594 -206.91476743013882 -79.55395647198152 -46.38225163897326
6  -40.184616986910804 -165.037202845247 -165.63256680630968 -197.91291625341532 -69.62143611190618 -41.553269849061685
7  -45.03389437303379 -106.2898646710517 -186.4999150293871 -206.03762115702654 -74.89646272668449 -29.70635054416168
8  -45.70329849166578 -155.84910968408866 -190.27068015501936 -213.27473491288399 -75.09560745601208 -17.661826697889285
9  -44.18964849884003 -166.8849348007267 -186.37420943492447 -205.38651568347885 -71.50807400396629 -24.397151319235025
10  -46.626134734220045 -137.22263903521278 -189.4999883197143 -204.762998394458 -77.27731710533737 -77.37300345186353
11  -44.37403541807923 -108.28532963170525 -183.5665237631019 -206.61174218071648 -73.37651469564305 -55.62567446305951
12  -44.94339005519513 -186.11038848525513 -184.13123995235185 -201.1889496305383 -78.05075738137764 -31.671658099926095
13  -49.98715794086059 -130.49872952907657 -202.29564635680828 -213.78922783518513 -76.62594801260681 -55.37815225854704
14  -40.56197355480889 -70.54323763263815 -164.39661558877165 -192.15886561775125 -71.92729861384902 -1.499343170873587
15  -47.13156885138807 -118.16483530461186 -193.60304326133112 -213.83043772966352 -72.26721022803615 -14.172783454548053
16  -40.11788487671615 -133.43988236404346 -166.24491593934943 -194.54982412683037 -69.91998196460116 -35.40055845993555
17  -47.112098018474065 -119.59145121371722 -190.09019364459203 -214.48734962909384 -78.29237912556724 -57.322616913359596
18  -49.96341460540009 -204.83718739335237 -202.02667037983198 -214.0001158278707 -77.24599986246274 -35.08492232599292
19  -37.886216679508735 -65.65197715336139 -166.191054944599 -189.40574120576153 -65.34347711202247 -49.27056406187944
20  -47.89735440748162 -182.28254409307192 -197.53663890460993 -207.73253011960355 -73.92383780324903 -23.83381036176391
21  -45.16939401605382 -123.76881038706009 -190.61628044562227 -207.79602395074818 -72.05357575787757 -63.551619678436616
22  -41.961713614765856 -45.76090089654575 -170.5070175312796 -199.46784674386373 -72.2553117521881 -14.726080383773013
23  -43.2100831656696 -168.8967303422851 -175.98023570256606 -197.77351208091554 -75.04482096995636 -33.4678944476544
24  -49.45739825888893 -122.56050904802974 -190.31795620694237 -213.21247614459028 -79.84805994675297 -27.58667753447652
25  -52.80053771698647 -172.29925578880432 -206.41808153867078 -221.86595305609399 -79.23605573650401 -69.38434497081585
26  -45.97677194925396 -123.70909590784433 -190.16627806557793 -207.86902073253415 -70.82000506079066 -70.77033907645045
27  -48.25087308989581 -132.5581903303875 -196.36611360306776 -214.85818918687366 -77.72751050817537 -10.205464881410208
28  -46.4748179413834 -126.35419076250756 -191.1038158076558 -207.92779833169902 -73.66818805747363 -45.77147596088617
29  -47.78740533096502 -147.61844501340747 -197.72217276364853 -213.43261790938917 -73.26167891278678 -66.46761165064756
30  -43.13716488039031 -187.95162020321177 -181.0347089265745 -205.35905246990745 -70.46763692131366 -40.07157604697666
31  -41.6316571909791 -105.02220760487978 -174.4888983775735 -198.97906300397727 -70.55224129805417 -66.79357421612602
32  -42.90837068350004 -105.77989936800662 -178.97290564475622 -202.69311598171134 -71.08123698532985 -18.492573330208934
33  -39.46893275839339 -51.99510185508976 -165.36750605077773 -194.73795679059208 -68.04248782225298 -29.42161005719699
34  -39.66869048421606 -155.96917836507177 -164.02448865154668 -198.40322935452372 -68.35960366492063 -16.532127839188366
35  -50.500852594375246 -191.31251261825548 -204.75110883799326 -215.98130747288468 -78.22703371475026 -57.288663419055496
36  -40.43315518136039 -167.8314238918243 -173.00584121177138 -195.53432352867517 -68.91228871443327 -68.22108484187748
37  -46.427449099585665 -137.79244558752862 -192.18513418344173 -214.5585130680686 -71.39192171983964 -41.917340967975235
38  -52.1085547964257 -118.2749141127972 -216.0098188917992 -223.61708245458834 -77.68641111393836 -54.59065115797494
39  -46.79111322717944 -176.06096439025208 -191.67661825370413 -206.88362755303842 -76.90635527734918 -40.71567340190063
40  -42.09332546956883 -111.29960196906964 -181.59726214282435 -205.46089167047109 -67.02295370260428 -36.417976179943494
41  -49.732161411619735 -54.02308683234527 -203.42579499547028 -218.74498822608658 -76.66394757167198 -24.661294608367967
42  -51.829555938366866 -138.93212550257024 -209.98367739296708 -224.29490569689563 -81.46611618725186 -1.4924539115790907
43  -47.508829399022375 -188.21594712244934 -195.29399959214942 -212.13742942094115 -76.20818716066108 -34.05851695937743
44  -43.29415332025095 -120.06893787592006 -180.85806707814726 -203.03125564935186 -69.40644893837172 -50.40329281850029
45  -44.35745362140325 -155.83883871531677 -178.70484450371725 -198.9964349358906 -75.78034513260208 -52.45503997075676
46  -45.69998826632246 -103.1610469263079 -187.61474544271542 -211.240500154927 -73.05388733440472 -52.22449103751701
47  -42.168164536746865 -218.13444535960855 -177.86473166384735 -195.1395835862498 -70.80950163486693 -53.21927548315235
48  -36.75793555224893 -64.00574149316115 -153.5806741850867 -186.8295415483708 -69.15542919263363 -28.030506727723434
49  -43.27190797872975 -173.4731668496869 -182.655288238652 -203.9518247555303 -72.00218407992011 -38.23911730968555
50  -44.83967959302102 -169.13486909704176 -189.67306421192768 -206.46769378237883 -72.5018474188058 -70.86960374659635
51  -42.411763430707495 -64.4221754167277 -173.96328209814328 -196.53305654217309 -76.56855204180846 -35.72191799316869
52  -54.700559647528735 -170.63453793492397 -213.61266256029586 -226.20028879171568 -83.17127347612882 -7.620133016423168
53  -39.82759590160506 -129.27529672914181 -171.00674666776584 -190.22703103276476 -71.86269222913295 -15.199709058136328
54  -51.81440902443032 -144.01624201583635 -201.36321244965953 -221.80955586618884 -81.203889730463 -58.66898708806251
55  -52.53064843980582 -209.10206238486674 -218.0979968163145 -229.09694513061436 -75.5059282121506 -20.49465806037316
56  -39.99180686223049 -156.51576699427895 -171.1853485754653 -196.0320182161797 -68.1023436550833 -35.408174308306585
57  -47.44783675376809 -168.74501472007523 -192.59771472484954 -211.6125291710915 -77.67391746823972 -49.3695126797819
58  -47.440278656525024 -193.2295485390781 -197.01431167359314 -212.73919830774526 -75.0214611325106 -60.809821350348244
59  -40.37965154298599 -143.53447350648898 -169.633478082384 -195.26433935616024 -69.48048414248055 -76.69244005981227
60  -49.56364918595037 -149.00957443103076 -201.6316430185161 -217.3845095306419 -76.63795971114102 -13.776969940188302
61  -40.26217442111736 -207.82495921216687 -168.1022045878415 -196.10739704379972 -71.79724086761543 -47.45736481868019
62  -40.62500819055367 -132.83858116831675 -172.5657845870015 -198.43968216949568 -70.5143755202252 -20.724802321595323
63  -41.06479184730746 -164.19127892121813 -176.52582267454997 -199.33142586298774 -66.23553715998023 -38.83612033907159
64  -43.54729820008139 -104.18881798627511 -188.82516986838303 -206.7148688774111 -71.88956691275177 -39.073447723610784
65  -47.96436060204086 -128.96357035803996 -194.8292745604983 -214.763888288869 -78.20240804423464 -67.68730639478885
66  -47.74730440244604 -93.01581300725033 -197.12607560147404 -209.17078762345454 -77.19541520772701 -53.69863669493364
67  -38.25357903134175 -157.94669825684872 -162.49862446503315 -194.47306216474036 -67.16892370036244 -33.718391852118856
68  -46.17859137145415 -176.41377095529336 -188.77443031413512 -213.34879172669503 -77.16400830875372 -47.26999734084902
69  -44.9705422971374 -242.0078671761509 -189.77927771865777 -205.82222907445217 -73.40071993415232 -51.80303865139217
70  -45.53921234648826 -137.98964310148276 -192.41695191666517 -213.74746433916718 -72.15796000297348 -8.5690714004662
71  -43.18012856228706 -78.51575804914536 -171.14728279013323 -199.95422274203148 -74.54485110948447 -35.563712610638525
72  -51.38501860918031 -215.44458430465025 -210.81824066000638 -226.7811969519387 -76.22959388856408 -40.71600709352218
73  -49.25433758390379 -165.14357129171154 -201.44577360625155 -215.66566975836946 -79.34801239881986 -14.399443708449002
74  -50.22077345610918 -77.75169771350937 -201.62922530942726 -218.73771070957875 -76.14414349649317 -38.11316403450052
75  -43.3952111163605 -198.46652257131484 -187.82521337119405 -205.2658497152321 -69.75441942186544 -45.14266135894099
76  -45.17016706277257 -152.81877090128793 -190.72541271938616 -203.93938270681082 -72.85731303490708 -38.45425694381899
77  -38.957352316819225 -207.32517876645898 -164.46763780257908 -195.1570837042199 -67.841006379238 -48.960669782692975
78  -43.75130342946923 -72.44931626408855 -175.12043720109202 -206.74126818510214 -72.50900676501652 -34.44780023977367
79  -42.604002491974406 -91.12799760433731 -176.67919662485016 -199.18637202262963 -70.89245171950792 -21.300352247334068
80  -50.773290725747714 -153.53274974758418 -202.48279306425212 -220.05163049923016 -81.9682077125622 -39.95947533190463
81  -48.510338282742836 -180.18297514421985 -196.6920066320689 -212.02567416636717 -75.77508045426099 -16.02366422944123
82  -44.53264275665887 -176.28869701387669 -184.2971472370135 -204.24162144201074 -74.20874408263037 -19.058559426586015
83  -46.67022967888652 -123.66702673155427 -187.98245333829107 -209.58664642524113 -76.10487741283895 -27.109248428552387
84  -54.577113574532376 -143.7770408003819 -220.90629209276943 -231.51596719074982 -81.04790370239837 -63.84145937413947
85  -50.74130327797858 -219.35653924003344 -211.67639784007855 -213.65651834461136 -77.45114029454346 -51.50294721523554
86  -43.28892875647551 -132.7535528892523 -177.37569896833696 -203.67853297853733 -74.44003574452944 -16.89773077213835
87  -44.941108821661786 -228.0397594155255 -180.66689534213194 -206.16522374753123 -73.78805893384806 -51.503503078261424
88  -54.35752065906854 -52.20910169682335 -218.3481157746856 -227.19569058727114 -82.07623650512555 -33.51439185769524
89  -45.423329654804874 -125.14089770026466 -184.70934350848114 -207.9545608440067 -74.35442067479335 -73.58247323035098
90  -45.81200639672796 -131.1223243465205 -184.76819582608093 -207.43375587152406 -79.81224349883048 -15.919002478775788
91  -49.11056588581588 -154.33677207927414 -195.7490585254899 -214.0433112359581 -77.67481336614233 -50.46011102579079
92  -52.67635589025209 -137.30526418815424 -214.50561025399676 -226.79433623602512 -80.83856937186711 -35.285836922957685
93  -43.330982219909984 -47.941410133031866 -175.64521703516888 -202.9130522270163 -72.02778980314213 -39.16021611920091
94  -50.188477015041755 -152.57627049454 -203.7714894685536 -221.48905455474878 -76.08873992355787 -39.78078199696165
95  -45.78380635850304 -171.20996904058325 -185.17435459050068 -206.91514590128338 -74.69924030916714 -54.7516631320193
96  -54.046345527332065 -144.36324411708048 -218.37516144165986 -229.87454759514674 -81.56212056695635 -16.92112977395683
97  -54.0364571475949 -235.85489235257518 -218.85249408658598 -230.55901079232277 -78.03465445233093 -66.56328298642235
98  -40.27514575274362 -164.32542813396046 -165.10542899027593 -194.1345139611639 -72.74376777880671 -15.329191405705348
99  -44.613510323880554 -193.32170940420485 -183.22824982229966 -202.76958067454845 -74.1700739223748 -79.42948677883305
100  -51.88543775650582 -175.40091569399578 -212.8646578904411 -224.81851087002943 -78.52167729551134 -50.04866454084734
