1  -44.85082881682276 -146.28070458004925 -186.17427201382978 -208.48030488652665 -73.88589397968249 -36.06714186910725 0.15871856117008157 29.03760910892676 39.5508279984764 0.9894868083843349
2  -45.21369040409172 -147.38055564286313 -185.61411832859656 -207.65881780506405 -75.4987317835024 -34.92506541228216 0.15869195975953962 28.973988251611583 39.618940311716244 0.9979988258112724
3  -45.26150560677557 -145.83700236427256 -185.8610735672085 -207.58284887513506 -75.36066560194615 -34.62385505981175 0.15868313831536582 28.995771219299876 39.49019057636121 0.9972696717349809
4  -44.80373609993268 -143.43189937157257 -186.26875615393163 -208.31176690712536 -73.57641446709879 -34.71060027131025 0.15871473806384898 28.936665496457174 39.795341360340295 0.9820859421292819
5  -45.194446542234424 -145.59300364147967 -185.69643199704342 -205.98434698264043 -73.61422762845224 -36.35219215026175 0.15867911258209255 28.951136881940386 40.05813787086574 0.9934965035896701
6  -45.538832316256524 -150.09990846968878 -186.43685121200448 -205.41565584026338 -75.13877109432516 -34.444259460468956 0.15873532231617982 28.989106104086613 40.43587993382483 1.0009283266871973
7  -44.609167597274514 -142.38927190820957 -185.80421471369027 -207.6444916493589 -74.42334585701487 -35.49862125393584 0.15871721099177655 29.031422779193587 39.40616135103042 0.9805281497148974
8  -45.32656714477671 -145.93932268071964 -186.5094586076093 -206.4714866029154 -73.35011067812135 -36.142821621973475 0.1587025856869817 29.025328512136497 40.62184469100484 0.9939156325785063
9  -44.78692560286335 -147.38955942335994 -185.82043795745733 -208.36224518094377 -74.02156769824039 -35.81177237659143 0.15870104378474806 28.991880007937603 40.848464204062914 0.9838986599823457
10  -44.64095243916707 -147.68674983325062 -185.70427370117778 -205.61373716553808 -73.76897345158119 -35.93681156092069 0.15869596775830916 29.02414767351447 39.848610960260075 0.9843896449617329
11  -44.7597979561649 -149.21524557248833 -186.17117080818196 -205.87810180409286 -73.59515868494216 -36.46486036196734 0.1587345406888259 28.982364996031116 39.00448583764066 0.9859622180621941
12  -45.080390291447884 -143.9935138231522 -186.40840305947626 -205.75535225083578 -75.0852756542835 -36.001399002266446 0.15870883281439643 29.020189392560226 40.646693959798235 0.9846796254079524
13  -45.05972869422947 -145.10299198480703 -186.2118768480466 -207.9951731231657 -73.84856688520837 -34.46229821478663 0.1587122724166453 28.94989988594282 41.276581363554776 0.9847055341091522
14  -45.11586813407379 -149.53579285403092 -185.8004501041868 -208.123756968433 -74.76907961082226 -35.863000612070294 0.15868290628104487 29.026609001950614 39.343555307687254 1.0022977701163889
15  -45.133327739755046 -144.6210648836961 -186.29028110959788 -205.5222017575167 -74.11334733379353 -35.4140861018566 0.15872950742461542 28.961589507805556 39.232663102801965 0.9937784234962977
16  -44.97875060410231 -147.4429673416933 -185.73940100474266 -204.98978813141488 -72.2345268838752 -35.799417595511855 0.15869731339648316 29.035980198749034 40.30324467064597 0.9917161083154695
17  -45.23302826124554 -140.8883626101598 -186.4459672591609 -208.07921352399296 -75.42442530788784 -36.034901797906386 0.1587373998025831 28.984192091585403 40.124667913850665 0.9896943603263836
18  -45.18341754010939 -141.86427540445575 -186.40643792669852 -208.45081530846525 -72.33969636810893 -35.18332930662973 0.15867224129247634 28.940218026119098 39.559859361087625 0.9886898663116522
19  -45.210896631696876 -149.00504737966943 -185.8743854840179 -207.89212123140308 -75.09881930739178 -36.69607952650261 0.15873548796416329 28.968104704423332 41.216656181909705 0.9948807255563628
20  -44.70586320212456 -150.1232057088751 -185.5846694849486 -208.6159767223959 -72.6171475303201 -34.53273719505713 0.15871519312884336 28.953961057781573 40.91582991821709 0.9835082983858386
21  -44.886259578245074 -146.14640087173711 -185.70001148685634 -208.5546337441945 -72.4571611607982 -35.15157632174981 0.15868294389046078 29.02953052702095 41.12555418241281 0.9849172380128427
22  -45.10383058033455 -144.61948997519596 -185.70306048597385 -207.32217129171423 -73.7891276186324 -34.96391108103809 0.15871863886953477 28.972027289512994 41.15192351699341 0.9895461511345789
23  -45.14594372290257 -144.0233777697749 -185.8943388195817 -208.87205653383072 -74.20946597212532 -35.510526485567965 0.15869749336770123 28.980824535916884 40.88278362701607 0.9908960591428848
24  -44.96788289713821 -145.8761076551649 -186.5137969582652 -206.3228502598444 -75.1171882549262 -35.39169989517339 0.15874099103900197 28.949247742733082 38.82461732949364 0.9872136860766073
25  -44.982236084726274 -146.5414730960382 -186.1835696088959 -204.76791070164896 -74.41521358417016 -35.51696191346165 0.1587379957546105 28.982093735507373 40.11193236361001 0.9905207435557509
26  -45.124693248186574 -146.70173316871734 -186.14664069606746 -206.72658009840345 -72.82485839350888 -35.27493898757769 0.1587223433576801 28.955647459428537 40.644372204881186 0.9904843468823242
27  -45.42938119409244 -142.81863622738516 -186.10923701180764 -208.2452453146491 -72.56565425303529 -35.15132719042736 0.15871120449565515 28.9840908233044 40.319219881238794 1.000159571711145
28  -44.96628641804186 -146.82409032039993 -186.0398280575749 -205.53942374512422 -75.81276385239485 -35.282201521122495 0.15874439193210793 28.9629059536054 39.03061736835384 0.9909038903675945
29  -44.74732452877025 -148.25376832146267 -185.8193741020981 -208.7864773618778 -72.51984474280184 -34.69437101151627 0.15871209298597602 29.011078097739222 39.39591149941801 0.9864466197642078
30  -45.288403643024914 -141.49179013911618 -185.94103753818888 -206.19604230010506 -75.26213489755109 -35.13750574489826 0.1587471041886846 29.02903598793175 38.969865178744584 1.0005184584757683
