1  -46.37688594391047 -116.2169770467266 -189.29230562307697 -201.75731107645242 -77.79779665710498 -35.87644514077544 0.1585115529334515 28.78764882370429 31.380824234341137 1.0035130638600942
2  -42.5589949448393 -93.51193628547969 -181.34575720189014 -203.48341601063927 -65.51262810092307 -32.73411087373325 0.15905899906552756 29.11270469368737 34.33363715461857 0.9491050497903046
3  -45.50774743758627 -147.86713522835117 -186.04822634175162 -216.09294958119864 -73.97532558103751 -40.00272452160469 0.15868376012206642 28.983924642471134 37.157879645646375 1.0128778437984638
4  -43.63965520194426 -154.5112419278043 -183.6587427441962 -214.22485035352216 -70.26417877565024 -25.02013668146624 0.15841553791400786 29.555190006378332 51.18604957177118 0.9521794117075169
5  -42.19293225170287 -134.76437171420577 -185.84577730055295 -205.0747838698069 -58.559601846949576 -25.898420881752003 0.15831797422846913 29.23304747361622 40.2657096112101 0.9041970078254525
6  -43.73248664452175 -113.95485508867606 -183.40572975483693 -215.2916025788424 -66.88166219164542 -37.45089733187638 0.15891293285773078 29.384463082482576 41.60167455941531 0.96528875684593
7  -45.39031469265132 -195.4991936368803 -184.86492276815846 -226.24625799559198 -75.13520879450391 -41.193802697204696 0.15860330173335258 28.86234164109631 45.86329519460351 1.011766711705647
8  -46.874588518771546 -148.47018040326594 -185.86543282802185 -199.77046614100513 -80.5594558791791 -40.543698694897266 0.1589774555655553 28.48549450648599 36.68107665890291 1.0433453520776004
9  -43.720769679923556 -152.07381768252384 -186.81206937237158 -191.95395000553924 -62.11916767358454 -36.437304377706496 0.158328774756045 28.604393889250744 35.24135360859094 0.9429044954865737
10  -41.65499616259981 -150.26378820047356 -182.97346156198512 -197.93821837337276 -65.19997146044636 -27.23902834909494 0.15871183895675958 28.856366078108714 41.06101689706526 0.9129806345382382
11  -47.56675969078637 -136.02301223777818 -190.95707507942117 -219.2784012161146 -78.1327705635389 -37.381257003151845 0.15912151905497726 29.460730076715663 46.917196065152176 1.0285731239906881
12  -47.1481242884203 -153.64495038681824 -188.75511415581846 -214.03508792404284 -80.30962627144618 -40.962306472347144 0.1589577415032768 29.3152169665715 47.385887623958126 1.0317190959633231
13  -48.63479398885823 -162.61293590452115 -190.26936025960157 -222.09877886515324 -81.0084355015645 -42.07983585081673 0.1589327425962451 29.235107796778646 46.35940867138823 1.0696727894107385
14  -48.16547304858983 -195.3317647570153 -186.17901817835747 -229.51015645082413 -86.59424302248071 -43.97344386043777 0.15861510273902318 28.708328833626442 42.11868522590909 1.0861088525932108
15  -42.93541645367695 -156.6927725222235 -181.8283161353455 -202.89351370309984 -67.16859245097375 -34.842896137162526 0.15854317514679037 29.583199700378415 52.58500757636267 0.9502320134405001
16  -41.94371502241828 -149.61424209195255 -186.94936136591932 -196.85053541925504 -57.514879315678755 -24.27272179413448 0.15879390597957088 29.060466985106196 42.488180840886535 0.901017749062152
17  -46.14342722777164 -186.53573944999016 -190.63582786963636 -216.59648698667687 -72.1899149517433 -35.74064601669408 0.1590758150922831 28.95694248302562 49.18106207503563 0.9979212544093778
18  -45.254176596101374 -96.97932982148077 -185.88226038952777 -224.39326440583756 -75.91512893509713 -31.66316445047167 0.15848830557547927 29.094382826076778 30.223631250797162 0.992327059487943
19  -41.53246228723 -120.83118321453125 -182.55616325954054 -200.65700888928095 -62.36701234601088 -24.431055554399883 0.1587724820471922 29.014937761209584 37.894124716803105 0.9081905887177601
20  -43.99621602739256 -110.09671443492337 -184.35268372232753 -220.0977517281137 -71.71618237133038 -34.36532498578865 0.15847443932850513 28.641767822290362 27.559466521428654 0.9656409263677169
