1  -42.41041758715237 -153.00051239084468 -182.35029240744998 -224.61664564350144 -69.88023642770519 -29.809716492568572 0.15882951248222216 29.23045355598365 44.08527816663987 0.9422013991819402
2  -43.555457176979864 -173.72866450143027 -183.36196361809232 -227.6540574509024 -69.82579866581847 -32.96683746308277 0.15870291527078473 29.208382692660997 47.86858667513126 0.9676252764746259
3  -43.73859157919342 -117.46743129377747 -182.27976779700953 -219.87226187347184 -70.41361284106752 -35.45414197919685 0.1588633706072473 29.05102774095606 35.85804209157038 0.9797259438507697
4  -42.01646578316724 -177.18518911308897 -184.33907116973586 -225.17561299680017 -65.39830610057763 -25.88528700079518 0.1583295264452732 28.450100367392746 34.724323674609224 0.9153896510933942
5  -40.31195494668468 -193.5347963746628 -181.1017294844434 -214.70472841889622 -60.31479202897525 -23.244108053552573 0.15860753777713804 29.073141785240423 48.43289688923323 0.8934682252437824
6  -43.404940774883414 -124.31142028024648 -184.57854193967196 -202.7571313105471 -70.40942419320805 -29.56642832881763 0.15856314763559312 28.892785628319743 33.96575092369713 0.9520254847660661
7  -47.04142688406689 -163.27256123971196 -190.26027155140164 -202.5754596014774 -81.4856986423523 -36.920764178256896 0.158549812836521 29.549615905669718 50.52189910554342 1.018195807862207
8  -41.132942027410266 -185.4102250013955 -184.40841639994952 -205.49899586480282 -57.896570800259155 -30.384225419730672 0.15876178164209165 28.543367985199477 43.77445895139061 0.8853607363833027
9  -47.44468276532618 -110.04100744930605 -190.15738969748074 -185.53648442970263 -76.63880261237583 -38.818569536994964 0.15869468292352076 28.84465806810568 33.06686203009612 1.0260037829295163
10  -41.813834511189455 -157.2002241175682 -181.15115089699492 -192.01380214933164 -67.3859583450236 -24.56575047061584 0.15892015146298666 29.312858906056597 50.03733089693971 0.9297975421703933
11  -43.79260576313119 -132.16048541330954 -185.1366349443321 -209.83839737978488 -67.56881488446258 -32.35553536800458 0.1589570064525141 28.597150943984193 33.70658758476432 0.960493380453726
12  -44.651203114293956 -156.34768800177935 -182.32602965585977 -189.5461674838235 -75.94890308271461 -38.81216401387734 0.15909142500041035 28.976415377867415 44.57102728104089 1.0068358353230489
13  -46.468228105083256 -104.75152521647118 -185.9005097996797 -213.09067762530793 -77.95195305911928 -35.098125070483256 0.15902638261045976 28.578764421918994 32.48701144416133 1.0206993008544833
14  -46.13543610643324 -176.5996330138101 -185.7194285855612 -199.5786357394867 -79.67729669102837 -36.91871052057448 0.15880480097816307 29.04889529177428 48.39594383692715 1.02330974227154
15  -42.83885307852103 -97.96593138625708 -183.78328709481877 -208.16427889848353 -63.6201971559547 -29.989146187527176 0.15832027250018393 29.573023381116496 39.627816782550184 0.9298166964512218
16  -46.46950945752636 -149.6347070114922 -187.54008263378807 -214.98342739307634 -79.32399855724839 -32.41248817314801 0.15879042749689803 28.970123344468732 43.25654032874767 1.0147038944182143
17  -45.9670432575542 -117.40498102878827 -187.6394688619855 -226.88200231173798 -78.47916961003963 -34.59022027717127 0.15844578659097838 29.48693805188233 36.52362297393802 1.0067709474503956
18  -45.363851461785686 -149.7188955315511 -187.5085777700303 -192.54346828348076 -70.5772305476704 -30.467590219913877 0.1583361295557956 28.829723563255843 41.21805186329747 0.9753919313988555
19  -45.60003452400462 -193.09671950238226 -188.20997787533312 -193.67009715597897 -79.5900844260245 -33.09528958198203 0.1584142043240663 29.255542096506606 49.3919431788983 0.9990055885536362
20  -48.13810245926155 -160.73469842222534 -190.26924700565309 -211.70679513242052 -82.37032328433702 -43.34497135972542 0.1587824417380068 28.62276073833806 38.626187541778435 1.048490272869219
