1  -40.89097584216406 -111.53830163150377 -181.60001234430953 -216.65119091532915 -59.34742392067941 -27.506692707853908
2  -45.009810435165114 -139.34614629324616 -184.91200667393758 -189.03878309655076 -76.40879305164265 -36.010437275569195
3  -41.623616588374375 -127.24305391669691 -184.32221716726264 -203.01835324610147 -62.275863140785056 -26.502649682092677
4  -46.177253449713085 -140.0354787209739 -185.63270440975495 -195.90296319808232 -80.68586646527163 -38.53274746995859
5  -49.6562312323857 -173.39893589623028 -188.78963353357994 -196.8971012872665 -91.78329769855142 -43.44381249357672
6  -47.28577846993815 -126.85940762021394 -189.95135580228998 -208.2135996488362 -80.00407992462821 -36.72111290790432
7  -44.756506894957866 -109.13435741558828 -188.49842640178295 -190.99994186038631 -68.27054607462242 -29.68039727831989
8  -45.40265591823153 -119.33676222228588 -184.4126455055028 -218.03856422431784 -74.19911013559921 -36.324576608104074
9  -42.34714079341746 -144.11406923968022 -181.86689065178174 -184.26167730272425 -65.50403900624099 -29.80846211622405
10  -46.09510440647641 -160.41220115255038 -186.5430324843588 -216.45299480528195 -77.5220006449356 -36.76970062963504
11  -40.48169943500942 -149.4631373819237 -181.94375976943354 -209.94159629712163 -58.603138952775474 -22.807786198331
12  -46.0050662718249 -115.73683846897173 -188.60205458570235 -217.57275142081795 -75.92463395933805 -41.21067563912893
13  -47.071831948431615 -162.0369190889662 -190.0806004811858 -197.5810629210914 -80.0156213845873 -35.96621680779451
14  -49.48785175961578 -123.45405797072058 -189.6861380204536 -225.16973807860154 -84.17830933933337 -45.887764764120234
15  -49.608407342957534 -181.8025521851559 -190.59376270376296 -208.5148499434057 -91.80198596842098 -46.93523751292874
16  -49.42430434136121 -191.59900708011145 -189.17914568027814 -215.28155722727612 -91.58707452520483 -47.20621315565774
17  -44.218863106627325 -189.48500982447146 -186.16621501401053 -189.0918228225104 -75.58268698793727 -33.384032836022214
18  -45.92401394121777 -122.11077765034867 -182.20414096904034 -187.4699067016776 -83.72445866772055 -41.70860406116982
19  -48.10380230570919 -151.86270399077273 -186.95299890778273 -206.64452916597034 -82.5872024842341 -39.86547865621924
20  -47.69547918080859 -129.4732405759786 -189.3623701454098 -227.55140107441335 -86.07294985257269 -47.435248387075895
21  -45.784320435629084 -137.85591562682907 -183.77550637378485 -198.7429100583977 -73.87286816512953 -39.01264420879636
22  -44.305001449590925 -128.3398856298907 -186.80551186687114 -216.22553824763943 -69.42877306792882 -33.476927504392826
23  -46.693710674793955 -134.88539739091556 -182.94086793533847 -223.09896228394123 -87.48236962149059 -42.57401543458076
24  -43.717365278805445 -166.8134799200083 -187.78574234210106 -210.36952474278922 -65.55465477707268 -30.647383699538793
25  -42.471899711582324 -185.23396400118838 -183.7727137153819 -209.88535004249397 -64.24800076197637 -28.02725876541788
26  -43.484640469708694 -166.62820397338714 -185.5935613803684 -188.0000127582695 -67.20778287086152 -29.62160975466771
27  -49.626795220504604 -152.35818868380125 -188.02653865590923 -185.76916105905067 -86.5071317341931 -40.31930956185154
28  -43.40239703819555 -183.32014986625813 -185.16558931037378 -229.68236920731113 -67.84934619465187 -26.61789299803383
29  -40.453285445980065 -161.64555013538666 -182.13850022307952 -213.81419731227484 -59.13191594728974 -28.71809120511518
30  -44.033072977342606 -131.41883697251566 -186.0195700129789 -194.61620497435018 -70.79262698278764 -32.92560648946967

