1  -42.724862283613824 -145.3430229280556 -184.92301524463014 -196.45769646239737 -66.32994647644162 -30.061301492204056 0.15909928335306084 28.92360461474729 41.27936981019023 0.9369132470591958
2  -44.28977409985626 -120.42854549082546 -185.79131954401387 -185.51302595196907 -71.59058844346183 -39.77505126782066 0.15874340797230335 28.525143383780723 29.364341044586833 0.9705307941337282
3  -46.118698805063666 -93.66356620096752 -189.37628028926252 -211.94527188010235 -71.46478259533521 -39.96791907514068 0.15871415127816849 29.43357685656549 39.3159660450755 0.9866298886315946
4  -47.13872879577882 -177.09076251675668 -188.18284401087763 -220.46983167641397 -81.44272070471628 -38.4326969718115 0.15881969951327857 28.65373691370588 40.19769179381255 1.0420190992380924
5  -41.56408373721483 -152.99262994513188 -185.36420355188991 -195.90817861446126 -61.05393056889765 -29.2761797927004 0.1586663372560308 28.766271145106117 36.6318887391923 0.903556412711178
6  -45.84709002955583 -155.58719291003973 -184.48785631662113 -229.70956918757713 -80.51157252867496 -36.35633955128619 0.15838511458830526 29.20680977075618 44.21291484880295 1.014599819114731
7  -43.39715187510088 -104.11892985514791 -187.07765558035166 -191.7038263320164 -66.50359950691917 -29.243619438871207 0.15906492638422917 28.832309428979777 32.01236502718847 0.9403744616830705
8  -48.18116752135563 -184.8094337388555 -187.9809570399895 -201.21233945303763 -85.97282217129197 -47.29731034441241 0.15900233144521692 28.90908349641847 47.365516907589765 1.0731574600653009
9  -48.208816635412866 -129.40816621060358 -188.0281141893243 -199.389353116986 -79.6373859909947 -38.79503400278753 0.1588756497737384 29.274106001331983 42.41231440984456 1.0657384566725514
10  -44.8942415530695 -169.17323142395665 -183.63625288421014 -222.25761995345593 -78.10312841819898 -37.27379156591181 0.15880694033819096 29.472681842450044 49.24082595331408 1.0075501061143375
11  -45.068539774961565 -125.76974865975475 -186.46582801483652 -201.58259194167607 -73.28121707956323 -42.24206890890793 0.1586101304585173 29.48848896378041 42.11574300729713 0.9889654511592371

