1  -45.682954610387334 -160.33049966628568 -189.62319168490563 -190.35563768218861 -75.5352478112884 -30.761424385548963 0.15906563681259225 28.524642969247154 36.17109507341199 1.0002791718669142
2  -45.66547342516405 -118.47629658917757 -183.67290750490062 -188.89717947722622 -75.35487994412622 -33.2800038100113 0.1589647833289325 29.501013681482757 45.54385119593764 1.021198934206486
3  -45.599841216639206 -157.19693290392766 -187.88004311124638 -201.0481905077421 -76.93697255172881 -30.8278766176263 0.15832189880429007 29.483754282154983 48.207641267206114 0.9879678861726233
4  -45.47068694628924 -153.18383214682697 -185.74189995582518 -211.74067653595844 -73.38539285575871 -39.1226583449212 0.1589526100222451 28.705582828514647 38.3635367826742 1.0058924291472628
5  -45.91269194385707 -158.61433500238397 -184.18112984305156 -216.36906401465535 -77.99405951008399 -36.1862145999937 0.15879083253615428 29.052520406617884 42.930930730527805 1.0292754969113855
6  -46.88929596666664 -139.57136707001422 -186.3536126013567 -217.50296486926982 -85.65783613892775 -41.73220867997091 0.15891701983415724 28.50413131006672 32.96529458503853 1.0395629245593745
7  -41.81731339788735 -108.33077120048657 -185.34730902541375 -212.3792724624454 -60.31177140391845 -29.885169416272895 0.15841079590105148 28.967299073370476 28.761952678216907 0.9040299634333551
8  -43.46496254847905 -175.2640165539166 -183.75859497465203 -228.2264357870838 -67.32509347901566 -33.51994989197823 0.15863533363093754 29.333981470918037 49.29632465617962 0.9579796166424932
9  -44.23661062187628 -141.21269610478055 -186.31472523276514 -204.160641461799 -71.4398618247296 -32.75710919796249 0.15874851244409957 29.107148126041075 47.44036219287601 0.950086006108344
10  -42.51892697703164 -134.98637032883855 -184.44408323191368 -191.9248577797956 -70.93777858110052 -36.36836975336661 0.15910555422783518 28.41514557646109 30.679800465660783 0.9367880745068689
11  -43.61445808171233 -173.2183152526363 -185.43824122795215 -188.35114869437967 -69.77647196883302 -31.99641904486026 0.15876043929610903 29.054736653043253 49.381087100706054 0.9508953230737103
12  -44.7701779753667 -145.6925598663325 -182.31465678026453 -218.61792956301312 -73.66931028960603 -37.10771113112515 0.15859706393088252 29.24320953968846 40.053139534330036 1.0133511698609174
13  -45.475699031117955 -160.80652716596856 -187.18056951840782 -204.63935579350368 -75.34588223306464 -35.71299586337806 0.15896342561280996 28.975930100482742 45.45432840453079 0.9963613215650805
14  -41.134188240521006 -185.11579997254955 -182.0987654296091 -228.11493181185676 -66.52095640422533 -24.913055215677197 0.15865881159007392 28.770655914091996 43.33987751761596 0.9078256462895012
15  -47.93024722657737 -135.44818839697993 -185.03241930734333 -229.63243722031797 -89.17916114671765 -42.93108822711128 0.15874069123284304 29.226535994250884 39.09108371064044 1.0799897981660878
16  -42.1413425215983 -131.60291586185835 -184.05478363770948 -192.97149876999825 -66.20696689768832 -28.058402080765237 0.15876600361802473 28.745136263684103 34.80503284572899 0.9215674525901311
17  -46.50119243961184 -172.88940371040093 -187.30997625280827 -212.93945452404316 -82.93376092348085 -39.797703237583654 0.15885007068789625 29.280898157104208 44.92021327924628 1.0399976268709388
18  -41.99194666729556 -174.93691879548612 -182.8782581536376 -227.11340493482996 -67.1638323386802 -28.003152131448097 0.15887767847396927 29.543736278735636 48.59852111615446 0.9375131234202437
19  -47.027676074744214 -189.7189414370422 -189.0070910286384 -190.202322791636 -77.10621081473522 -44.165010373244414 0.1588417067309981 28.918809206282244 47.90366939382449 1.0350968989584037
20  -45.08011441872215 -185.61326930113333 -185.27385859622117 -225.22161104973748 -77.078208548006 -37.44714769731629 0.1588225538815039 29.37092893754218 47.800218066908506 1.0142532147190644
21  -41.56305635540273 -155.6214652336106 -182.40124717154177 -203.34661850754185 -63.86908391878919 -29.832253520532312 0.1586954937386837 28.82279412704357 38.12432046887371 0.9231078195830776
22  -46.21284741829326 -194.75216418090326 -185.5529810480093 -195.53110920054405 -82.04908357695902 -41.854501627938674 0.15889969186685604 28.8555196294776 48.640261736954194 1.0293112936861561
23  -47.25322345670706 -177.67385932102871 -188.5913147662019 -216.92565622902328 -89.75788762989279 -44.24970366200281 0.15879592650598603 28.456585052023847 36.98035053441293 1.0461172287365823
24  -47.09362830235408 -122.29095177871835 -185.69956077680195 -225.67507707681554 -77.32186662505842 -40.958443312299025 0.1588616040119263 28.95468213591567 35.73342254735769 1.046910116075911
25  -45.64062248138448 -103.21774423228516 -186.30440872476856 -227.56384596392974 -79.78932492223797 -40.98626034141869 0.15890456738774697 29.27668929365162 35.261047502714995 1.0076346035927792
26  -48.47480220149195 -137.52857077142346 -189.28547796432565 -219.81564684469026 -84.29987729315997 -43.07003818575798 0.1583708965566468 28.468398856266358 29.052787439338967 1.0628836832244788
27  -47.748479496113 -150.69168995476142 -189.92439801883924 -205.49374074450955 -78.2131969930403 -42.836681937462394 0.1590977032200368 29.234682247428132 49.4665229155778 1.0384131303167103
28  -40.660406024268035 -139.63078011139146 -182.08896870335255 -200.27786684956814 -56.90514823128225 -25.586321160822614 0.1586611156340587 28.782306578332665 37.308099546895036 0.8911770249721496
29  -48.49534278012421 -114.25865070208712 -190.795197847961 -197.620470384638 -84.08468535308654 -45.16921746848498 0.15839700147777636 28.74858954985619 32.37559076312105 1.0438815123566316
30  -43.464076053090146 -195.98078061166518 -181.92352267825527 -197.13730221114687 -71.84627886147582 -33.867751989223336 0.15865495335811286 28.98593837444056 50.79804974575384 0.9714233078053278
